194
117
67
171
215
58
112
164
111
135
118
101
113
53
122
211
96
116
101
109
77
79
99
106
86
143
134
103
200
195
110
102
93
107
120
70
139
143
196
191
144
150
176
63
110
145
73
186
371
176
115
91
147
100
170
182
88
95
122
177
93
71
88
71
94
146
128
135
101
79
82
115
81
174
160
87
154
109
116
208
112
189
220
162
68
190
82
162
98
44
141
71
81
134
143
97
145
180
116
86
177
108
159
93
133
115
137
69
99
139
77
105
156
154
154
105
197
124
107
109
110
84
143
123
189
185
145
121
121
141
89
150
127
149
113
301
99
195
176
115
48
123
96
142
125
78
67
101
139
97
170
171
101
110
159
164
156
230
82
157
139
129
194
152
116
129
162
126
116
151
148
101
246
128
158
76
125
129
158
268
96
121
117
99
180
119
127
107
98
152
168
100
178
147
124
168
104
200
149
118
153
149
140
198
177
117
128
72
98
137
126
164
115
76
86
120
138
105
66
110
150
110
130
122
248
137
196
91
127
122
60
70
75
146
167
102
58
136
194
115
112
102
86
90
94
105
158
70
252
111
113
132
193
144
112
228
136
112
132
212
244
185
164
128
118
223
187
152
134
83
147
135
141
247
136
100
73
183
129
167
111
281
110
98
80
99
119
87
106
118
226
137
267
76
189
120
140
145
110
204
201
206
122
272
117
230
89
195
127
176
229
180
140
103
93
218
101
231
95
116
365
199
87
58
103
133
146
167
152
170
132
264
174
93
169
130
141
132
133
139
167
141
136
223
142
145
182
156
163
72
138
90
184
166
126
153
147
92
212
157
70
145
129
188
220
90
87
128
168
64
155
155
164
152
169
118
177
134
193
149
126
198
215
96
193
167
319
119
85
229
209
229
170
228
176
128
79
81
91
257
180
126
101
229
264
257
60
110
128
98
216
102
133
163
203
130
122
92
249
154
134
121
198
93
139
153
92
107
180
152
117
250
92
211
156
86
108
160
151
104
93
165
192
148
209
117
162
126
165
92
122
191
142
109
143
123
106
246
115
62
141
165
198
51
137
174
158
174
178
211
225
171
141
139
185
97
138
137
248
145
157
181
237
210
107
234
124
150
169
116
172
173
119
149
125
155
226
158
455
74
311
415
241
170
167
172
236
154
138
180
174
228
87
117
241
178
216
98
244
155
263
280
222
184
172
106
102
174
270
81
139
144
221
180
164
157
219
342
189
177
116
194
169
218
180
148
299
124
131
158
187
240
73
135
131
164
243
133
127
127
185
176
105
147
67
100
164
115
143
228
339
188
121
74
216
193
172
233
106
176
193
75
245
341
118
152
119
199
227
203
78
162
154
166
159
157
167
121
206
86
122
98
213
142
137
113
127
252
88
207
106
181
114
153
100
195
136
151
158
183
234
152
274
93
81
131
162
188
188
124
266
232
178
104
128
142
80
230
167
126
181
176
226
149
185
89
225
167
129
241
198
283
170
111
94
90
212
87
154
246
123
54
135
119
238
124
145
97
326
156
153
76
77
113
421
176
214
139
137
237
214
87
112
184
152
227
176
221
185
146
70
103
236
234
255
134
173
233
102
221
86
163
345
172
97
156
154
144
204
150
232
168
232
133
164
197
211
232
116
182
156
168
157
240
129
111
200
108
265
142
182
81
276
132
260
127
108
145
207
161
131
216
166
393
307
258
118
211
158
264
207
157
129
314
133
182
109
227
224
93
136
292
178
107
180
159
224
152
142
188
156
476
147
132
161
239
77
117
213
76
138
171
211
234
42
100
259
303
192
229
197
215
274
65
84
276
141
150
137
211
224
94
172
111
174
172
230
126
141
163
217
92
243
159
241
124
231
135
138
135
121
192
190
189
177
210
179
68
164
243
370
229
129
163
262
155
114
145
94
147
159
173
283
125
155
222
161
58
197
219
101
218
157
204
220
126
197
287
73
216
129
151
279
211
285
252
471
521
189
247
289
138
337
183
150
232
85
281
139
162
186
289
142
240
213
77
334
138
172
314
274
234
333
164
188
264
219
336
255
302
223
310
155
195
221
152
234
267
334
130
116
285
199
327
148
212
237
163
141
97
203
234
260
474
241
206
350
309
106
200
131
181
280
163
205
202
346
116
140
268
263
300
131
217
219
291
174
162
254
181
201
127
228
266
414
232
192
59
270
252
260
274
393
252
145
154
90
174
426
162
302
237
289
119
168
210
468
309
179
119
301
363
191
59
162
238
220
123
106
225
213
199
110
201
227
156
97
157
203
306
71
166
211
223
167
190
185
147
268
44
132
219
237
202
251
133
180
239
177
67
306
263
282
257
151
140
137
143
94
209
145
215
206
148
156
185
308
103
162
213
178
333
61
108
114
123
169
290
255
240
162
242
182
122
183
155
244
203
127
259
191
293
162
51
116
175
272
138
169
194
190
106
109
80
89
107
70
182
51
58
146
151
109
99
164
68
86
93
81
98
59
104
278
91
332
85
154
133
282
111
129
131
119
72
87
198
111
201
99
192
115
97
140
168
109
142
100
103
111
248
147
218
128
155
103
145
157
93
109
102
89
80
122
59
106
100
77
65
102
84
101
131
125
116
116
101
75
76
110
119
89
141
62
83
66
55
92
79
80
104
191
92
254
131
117
98
110
54
66
79
46
68
134
119
322
176
113
132
162
192
238
139
68
149
118
48
60
254
69
126
111
92
103
354
123
90
144
83
140
166
86
72
68
117
117
148
65
67
190
80
79
90
105
66
82
116
88
82
133
96
77
111
61
50
109
251
79
77
221
167
144
65
86
138
85
113
103
68
71
77
170
110
120
79
153
101
85
132
125
175
90
116
134
95
180
168
69
54
278
80
93
120
161
118
103
146
49
103
84
149
130
120
93
90
115
53
66
279
123
124
80
114
192
248
70
67
146
65
119
186
181
197
54
100
63
77
108
192
106
36
134
75
71
101
79
107
50
204
52
89
145
111
177
60
68
137
96
132
79
75
90
166
184
94
62
135
119
97
106
52
135
62
79
71
80
115
111
92
116
133
115
120
77
76
293
83
85
114
181
262
122
124
166
131
105
131
202
165
86
86
80
94
114
70
83
47
83
283
123
96
86
121
104
104
111
104
77
91
159
84
100
255
184
209
56
61
99
117
130
156
227
151
104
133
55
94
219
204
108
53
424
85
222
268
90
93
201
87
77
90
122
142
225
139
112
79
88
159
123
150
101
156
127
134
119
93
78
113
99
110
61
55
118
194
81
107
187
144
130
81
125
197
60
299
117
139
88
80
154
103
88
149
187
118
74
94
113
132
102
215
77
101
82
111
149
92
129
176
217
93
151
172
133
122
136
216
98
77
125
117
112
162
379
162
143
215
96
167
174
134
239
176
166
128
394
76
89
74
149
191
159
106
130
150
143
196
238
115
214
210
109
207
100
206
170
197
107
168
132
115
66
116
135
57
322
77
143
113
109
173
124
67
109
99
116
62
60
163
127
200
120
178
98
86
110
94
100
133
84
68
95
164
239
287
205
117
155
242
104
80
164
175
180
153
122
159
188
71
114
82
127
140
111
130
121
70
129
137
138
99
164
138
126
101
120
70
65
115
252
95
208
127
132
113
132
129
125
67
90
140
124
174
99
102
88
100
115
135
70
112
183
103
253
84
181
68
142
98
124
68
160
94
78
91
158
144
90
78
127
49
208
61
220
88
111
279
126
79
169
64
143
222
139
101
211
108
98
112
105
156
134
87
137
112
94
95
140
70
172
74
63
117
105
100
58
199
147
162
115
142
63
93
84
121
234
159
108
200
48
155
69
87
89
90
205
138
76
153
77
87
133
159
85
88
117
153
162
97
69
100
70
149
91
161
170
171
96
64
90
112
108
80
71
150
83
86
183
207
98
61
174
103
81
130
77
152
114
196
96
83
56
149
83
89
102
173
59
197
73
90
172
114
93
163
158
130
92
347
54
76
109
125
96
148
193
142
202
74
124
111
196
89
102
100
106
101
120
116
118
132
67
118
156
138
168
34
101
112
53
42
102
58
28
100
118
99
93
74
109
68
89
101
90
57
83
53
87
91
76
58
65
29
16
37
23
22
37
18
54
41
27
28
29
71
40
97
80
28
81
161
96
70
43
37
78
45
46
44
70
15
102
68
30
29
114
42
33
46
49
117
31
26
59
67
61
64
54
25
79
70
60
92
52
17
24
55
135
76
29
80
50
43
38
50
28
79
40
86
89
131
50
24
80
53
65
58
57
34
46
46
48
33
58
34
78
89
40
31
77
52
53
32
25
43
63
59
40
130
56
62
88
52
47
45
62
17
83
48
52
48
52
17
38
58
66
93
48
99
16
75
55
38
81
29
83
60
131
81
51
72
133
85
39
79
95
84
134
64
101
86
48
33
103
29
30
67
22
33
29
55
36
48
75
86
81
37
53
35
47
85
31
32
30
115
19
40
34
41
141
55
38
43
177
186
41
59
73
63
91
37
79
78
95
154
68
110
71
143
85
154
44
104
124
23
54
28
106
119
39
55
56
155
88
30
167
132
78
34
98
194
38
100
55
66
97
107
74
124
145
94
50
121
81
63
73
95
160
139
178
45
62
72
132
54
110
138
62
172
137
130
94
103
94
124
144
68
74
138
178
88
59
219
154
165
133
189
213
106
148
102
110
177
97
84
98
175
90
85
167
130
119
121
131
321
125
69
107
118
167
145
144
69
83
94
75
73
73
47
67
218
180
121
89
138
163
100
115
110
110
116
93
134
290
160
114
131
82
128
63
123
126
156
95
57
106
71
159
123
123
129
105
100
76
103
101
164
103
90
124
111
89
139
186
143
75
173
157
160
193
233
135
132
133
124
97
96
78
76
86
72
193
155
124
112
90
142
91
107
141
110
137
86
128
128
81
71
193
97
104
94
168
103
66
67
75
87
107
142
87
83
56
72
83
63
70
80
45
86
105
115
60
51
65
93
70
50
66
67
122
75
70
82
73
85
80
101
79
76
79
64
60
60
100
57
66
110
150
133
88
135
104
79
80
114
92
80
69
118
43
69
67
69
92
155
144
87
112
78
100
95
146
135
96
98
140
178
104
93
113
109
53
148
49
109
70
148
100
84
84
98
83
89
153
100
142
95
117
88
112
135
96
86
98
136
104
91
78
95
60
94
51
51
82
100
165
105
101
129
78
45
61
87
80
86
60
127
124
194
78
109
184
62
94
120
106
131
128
166
57
64
126
165
90
40
125
94
64
79
119
126
139
133
143
60
166
124
78
108
95
67
90
54
144
131
148
162
136
118
82
55
132
162
64
49
154
178
159
120
111
72
93
110
165
121
142
201
174
77
31
108
148
291
120
72
57
52
164
125
93
174
124
84
73
105
91
60
152
69
189
28
26
93
73
160
146
162
89
40
43
91
66
45
67
125
64
79
107
109
64
21
59
40
49
127
55
55
21
12
93
74
34
131
94
101
131
65
53
70
449
98
174
154
125
58
54
129
124
96
75
75
72
46
71
154
121
115
44
40
69
123
90
62
54
93
64
100
44
66
64
57
114
51
91
43
103
47
46
66
66
60
55
62
95
114
81
63
98
121
115
89
59
90
90
96
125
83
84
126
112
52
62
64
71
13
77
60
125
54
50
90
26
108
53
107
66
31
79
79
77
90
266
66
74
47
80
105
59
82
78
100
99
77
75
103
93
62
98
157
108
90
54
144
131
148
162
136
118
132
66
70
82
12
162
165
94
60
99
66
97
17
15
140
23
145
119
95
120
149
42
118
83
104
185
105
95
138
105
119
62
105
159
186
178
69
120
159
111
110
165
157
142
201
199
121
113
152
103
125
157
96
139
132
91
104
174
126
80
185
188
118
164
119
148
104
100
139
115
166
87
95
102
174
149
675
103
47
266
166
112
62
97
97
124
107
67
44
144
181
27
30
56
47
20
18
38
41
26
25
39
47
55
71
56
79
71
22
106
22
18
9
48
85
96
48
24
46
57
128
144
181
93
64
66
61
115
91
60
45
78
15
57
72
27
116
34
129
27
57
128
41
41
53
87
24
79
45
126
139
133
96
119
143
60
131
62
13
98
50
34
25
44
19
45
177
18
70
95
45
83
45
74
77
101
78
74
109
96
84
72
84
104
44
97
70
99
85
73
32
88
47
102
84
106
125
115
51
72
125
103
69
92
125
104
63
46
77
49
113
19
93
91
93
86
101
64
103
100
54
157
161
74
70
55
70
118
147
69
110
78
56
68
83
107
67
44
104
74
110
107
93
51
62
122
88
121
95
59
83
137
65
152
97
97
88
47
291
105
115
152
186
159
105
174
62
119
96
67
77
31
108
148
120
95
102
104
60
119
149
60
35
78
8
74
51
9
8
13
91
15
9
9
29
61
12
54
115
21
50
67
89
49
106
16
84
21
60
21
31
38
66
34
126
96
93
110
74
104
118
46
65
53
174
154
125
58
54
96
75
64
44
60
137
54
50
125
98
71
104
72
38
22
66
106
115
22
34
56
17
27
15
15
28
14
24
36
25
64
95
47
74
63
78
108
99
104
87
102
55
33
32
78
86
80
64
76
25
73
46
66
34
9
61
84
20
106
70
449
98
112
62
131
125
72
125
15
41
60
95
144
125
71
63
71
54
93
45
62
125
73
75
74
120
125
135
55
102
166
84
106
102
87
72
59
96
150
120
99
68
39
103
39
65
86
114
102
90
118
30
21
55
86
135
74
148
126
154
202
101
89
66
29
80
21
46
27
108
80
51
52
131
103
64
154
113
675
76
105
140
149
120
95
118
157
91
104
139
60
84
73
164
29
22
24
30
27
39
34
101
62
67
188
105
76
